131072,"Start","Duration","Grid X","Grid Y","Grid Z","Block X","Block Y","Block Z","Registers Per Thread","Static SMem","Dynamic SMem","Size","Throughput","Device","Context","Stream","Name"
131072,s,s,,,,,,,,B,B,KB,GB/s,,,,
131072,1.324976,4.483300e-05,,,,,,,,,,512.000000,10.891113,"GeForce GTX TITAN X (0)","1","7","[CUDA memcpy HtoD]"
131072,1.325067,4.464100e-05,,,,,,,,,,512.000000,10.937955,"GeForce GTX TITAN X (0)","1","7","[CUDA memcpy HtoD]"
131072,1.325117,1.289600e-05,2048,1,1,64,1,1,11,256,0,,,"GeForce GTX TITAN X (0)","1","7","dotProd(float*, float*, float*, int) [188]"
131072,1.325132,2.624000e-06,,,,,,,,,,8.000000,2.907544,"GeForce GTX TITAN X (0)","1","7","[CUDA memcpy DtoH]"
262144,"Start","Duration","Grid X","Grid Y","Grid Z","Block X","Block Y","Block Z","Registers Per Thread","Static SMem","Dynamic SMem","Size","Throughput","Device","Context","Stream","Name"
262144,s,s,,,,,,,,B,B,MB,GB/s,,,,
262144,1.314458,8.672100e-05,,,,,,,,,,1.000000,11.260969,"GeForce GTX TITAN X (0)","1","7","[CUDA memcpy HtoD]"
262144,1.314623,8.697700e-05,,,,,,,,,,1.000000,11.227825,"GeForce GTX TITAN X (0)","1","7","[CUDA memcpy HtoD]"
262144,1.314715,2.198400e-05,4096,1,1,64,1,1,11,256,0,,,"GeForce GTX TITAN X (0)","1","7","dotProd(float*, float*, float*, int) [188]"
262144,1.314739,2.944000e-06,,,,,,,,,,0.015625,5.183013,"GeForce GTX TITAN X (0)","1","7","[CUDA memcpy DtoH]"
524288,"Start","Duration","Grid X","Grid Y","Grid Z","Block X","Block Y","Block Z","Registers Per Thread","Static SMem","Dynamic SMem","Size","Throughput","Device","Context","Stream","Name"
524288,s,s,,,,,,,,B,B,MB,GB/s,,,,
524288,1.272593,1.738900e-04,,,,,,,,,,2.000000,11.231957,"GeForce GTX TITAN X (0)","1","7","[CUDA memcpy HtoD]"
524288,1.272833,1.740180e-04,,,,,,,,,,2.000000,11.223695,"GeForce GTX TITAN X (0)","1","7","[CUDA memcpy HtoD]"
524288,1.273013,4.051300e-05,8192,1,1,64,1,1,11,256,0,,,"GeForce GTX TITAN X (0)","1","7","dotProd(float*, float*, float*, int) [188]"
524288,1.273056,4.384000e-06,,,,,,,,,,0.031250,6.961126,"GeForce GTX TITAN X (0)","1","7","[CUDA memcpy DtoH]"
1048576,"Start","Duration","Grid X","Grid Y","Grid Z","Block X","Block Y","Block Z","Registers Per Thread","Static SMem","Dynamic SMem","Size","Throughput","Device","Context","Stream","Name"
1048576,s,s,,,,,,,,B,B,MB,GB/s,,,,
1048576,1.383572,3.478760e-04,,,,,,,,,,4.000000,11.228857,"GeForce GTX TITAN X (0)","1","7","[CUDA memcpy HtoD]"
1048576,1.384019,3.476530e-04,,,,,,,,,,4.000000,11.236060,"GeForce GTX TITAN X (0)","1","7","[CUDA memcpy HtoD]"
1048576,1.384372,7.718500e-05,16384,1,1,64,1,1,11,256,0,,,"GeForce GTX TITAN X (0)","1","7","dotProd(float*, float*, float*, int) [188]"
1048576,1.384452,6.848000e-06,,,,,,,,,,0.062500,8.912844,"GeForce GTX TITAN X (0)","1","7","[CUDA memcpy DtoH]"
2097152,"Start","Duration","Grid X","Grid Y","Grid Z","Block X","Block Y","Block Z","Registers Per Thread","Static SMem","Dynamic SMem","Size","Throughput","Device","Context","Stream","Name"
2097152,s,s,,,,,,,,B,B,MB,GB/s,,,,
2097152,1.323144,7.849060e-04,,,,,,,,,,8.000000,9.953421,"GeForce GTX TITAN X (0)","1","7","[CUDA memcpy HtoD]"
2097152,1.324050,8.817390e-04,,,,,,,,,,8.000000,8.860332,"GeForce GTX TITAN X (0)","1","7","[CUDA memcpy HtoD]"
2097152,1.324937,1.489620e-04,32768,1,1,64,1,1,11,256,0,,,"GeForce GTX TITAN X (0)","1","7","dotProd(float*, float*, float*, int) [188]"
2097152,1.325089,1.235200e-05,,,,,,,,,,0.125000,9.882635,"GeForce GTX TITAN X (0)","1","7","[CUDA memcpy DtoH]"
4194304,"Start","Duration","Grid X","Grid Y","Grid Z","Block X","Block Y","Block Z","Registers Per Thread","Static SMem","Dynamic SMem","Size","Throughput","Device","Context","Stream","Name"
4194304,s,s,,,,,,,,B,B,MB,GB/s,,,,
4194304,1.327293,1.800053e-03,,,,,,,,,,16.000000,8.680300,"GeForce GTX TITAN X (0)","1","7","[CUDA memcpy HtoD]"
4194304,1.329203,1.744629e-03,,,,,,,,,,16.000000,8.956059,"GeForce GTX TITAN X (0)","1","7","[CUDA memcpy HtoD]"
4194304,1.330954,2.933800e-04,65536,1,1,64,1,1,11,256,0,,,"GeForce GTX TITAN X (0)","1","7","dotProd(float*, float*, float*, int) [188]"
4194304,1.331250,2.281600e-05,,,,,,,,,,0.250000,10.700413,"GeForce GTX TITAN X (0)","1","7","[CUDA memcpy DtoH]"
8388608,"Start","Duration","Grid X","Grid Y","Grid Z","Block X","Block Y","Block Z","Registers Per Thread","Static SMem","Dynamic SMem","Size","Throughput","Device","Context","Stream","Name"
8388608,s,s,,,,,,,,B,B,MB,GB/s,,,,
8388608,1.394976,3.740842e-03,,,,,,,,,,32.000000,8.353734,"GeForce GTX TITAN X (0)","1","7","[CUDA memcpy HtoD]"
8388608,1.398829,3.608681e-03,,,,,,,,,,32.000000,8.659674,"GeForce GTX TITAN X (0)","1","7","[CUDA memcpy HtoD]"
8388608,1.402444,5.789830e-04,131072,1,1,64,1,1,11,256,0,,,"GeForce GTX TITAN X (0)","1","7","dotProd(float*, float*, float*, int) [188]"
8388608,1.403025,4.246400e-05,,,,,,,,,,0.500000,11.498711,"GeForce GTX TITAN X (0)","1","7","[CUDA memcpy DtoH]"
12582912,"Start","Duration","Grid X","Grid Y","Grid Z","Block X","Block Y","Block Z","Registers Per Thread","Static SMem","Dynamic SMem","Size","Throughput","Device","Context","Stream","Name"
12582912,s,s,,,,,,,,B,B,MB,GB/s,,,,
12582912,1.355903,5.553056e-03,,,,,,,,,,48.000000,8.441298,"GeForce GTX TITAN X (0)","1","7","[CUDA memcpy HtoD]"
12582912,1.361578,5.396126e-03,,,,,,,,,,48.000000,8.686788,"GeForce GTX TITAN X (0)","1","7","[CUDA memcpy HtoD]"
12582912,1.366980,8.668900e-04,196608,1,1,64,1,1,11,256,0,,,"GeForce GTX TITAN X (0)","1","7","dotProd(float*, float*, float*, int) [188]"
12582912,1.367849,6.272100e-05,,,,,,,,,,0.750000,11.677459,"GeForce GTX TITAN X (0)","1","7","[CUDA memcpy DtoH]"
16777216,"Start","Duration","Grid X","Grid Y","Grid Z","Block X","Block Y","Block Z","Registers Per Thread","Static SMem","Dynamic SMem","Size","Throughput","Device","Context","Stream","Name"
16777216,s,s,,,,,,,,B,B,MB,GB/s,,,,
16777216,1.332402,7.100468e-03,,,,,,,,,,64.000000,8.802237,"GeForce GTX TITAN X (0)","1","7","[CUDA memcpy HtoD]"
16777216,1.339611,6.920882e-03,,,,,,,,,,64.000000,9.030641,"GeForce GTX TITAN X (0)","1","7","[CUDA memcpy HtoD]"
16777216,1.346538,1.153741e-03,262144,1,1,64,1,1,11,256,0,,,"GeForce GTX TITAN X (0)","1","7","dotProd(float*, float*, float*, int) [188]"
16777216,1.347694,8.288100e-05,,,,,,,,,,1.000000,11.782707,"GeForce GTX TITAN X (0)","1","7","[CUDA memcpy DtoH]"
20971520,"Start","Duration","Grid X","Grid Y","Grid Z","Block X","Block Y","Block Z","Registers Per Thread","Static SMem","Dynamic SMem","Size","Throughput","Device","Context","Stream","Name"
20971520,s,s,,,,,,,,B,B,MB,GB/s,,,,
20971520,1.318565,7.852827e-03,,,,,,,,,,80.000000,9.948647,"GeForce GTX TITAN X (0)","1","7","[CUDA memcpy HtoD]"
20971520,1.326514,7.667640e-03,,,,,,,,,,80.000000,10.188924,"GeForce GTX TITAN X (0)","1","7","[CUDA memcpy HtoD]"
20971520,1.334188,1.438001e-03,327680,1,1,64,1,1,11,256,0,,,"GeForce GTX TITAN X (0)","1","7","dotProd(float*, float*, float*, int) [188]"
20971520,1.335628,1.057290e-04,,,,,,,,,,1.250000,11.545585,"GeForce GTX TITAN X (0)","1","7","[CUDA memcpy DtoH]"
25165824,"Start","Duration","Grid X","Grid Y","Grid Z","Block X","Block Y","Block Z","Registers Per Thread","Static SMem","Dynamic SMem","Size","Throughput","Device","Context","Stream","Name"
25165824,s,s,,,,,,,,B,B,MB,GB/s,,,,
25165824,1.312999,9.314825e-03,,,,,,,,,,96.000000,10.064601,"GeForce GTX TITAN X (0)","1","7","[CUDA memcpy HtoD]"
25165824,1.322409,9.116807e-03,,,,,,,,,,96.000000,10.283206,"GeForce GTX TITAN X (0)","1","7","[CUDA memcpy HtoD]"
25165824,1.331532,1.726516e-03,393216,1,1,64,1,1,11,256,0,,,"GeForce GTX TITAN X (0)","1","7","dotProd(float*, float*, float*, int) [188]"
25165824,1.333261,1.257930e-04,,,,,,,,,,1.500000,11.644875,"GeForce GTX TITAN X (0)","1","7","[CUDA memcpy DtoH]"
29360128,"Start","Duration","Grid X","Grid Y","Grid Z","Block X","Block Y","Block Z","Registers Per Thread","Static SMem","Dynamic SMem","Size","Throughput","Device","Context","Stream","Name"
29360128,s,s,,,,,,,,B,B,MB,GB/s,,,,
29360128,1.386297,0.012366,,,,,,,,,,112.000000,8.844639,"GeForce GTX TITAN X (0)","1","7","[CUDA memcpy HtoD]"
29360128,1.398778,0.012195,,,,,,,,,,112.000000,8.968688,"GeForce GTX TITAN X (0)","1","7","[CUDA memcpy HtoD]"
29360128,1.410980,2.012246e-03,458752,1,1,64,1,1,11,256,0,,,"GeForce GTX TITAN X (0)","1","7","dotProd(float*, float*, float*, int) [188]"
29360128,1.412994,1.456970e-04,,,,,,,,,,1.750000,11.729716,"GeForce GTX TITAN X (0)","1","7","[CUDA memcpy DtoH]"
33554432,"Start","Duration","Grid X","Grid Y","Grid Z","Block X","Block Y","Block Z","Registers Per Thread","Static SMem","Dynamic SMem","Size","Throughput","Device","Context","Stream","Name"
33554432,s,s,,,,,,,,B,B,MB,GB/s,,,,
33554432,1.377819,0.014219,,,,,,,,,,128.000000,8.790895,"GeForce GTX TITAN X (0)","1","7","[CUDA memcpy HtoD]"
33554432,1.392149,0.014048,,,,,,,,,,128.000000,8.898048,"GeForce GTX TITAN X (0)","1","7","[CUDA memcpy HtoD]"
33554432,1.406203,2.300217e-03,524288,1,1,64,1,1,11,256,0,,,"GeForce GTX TITAN X (0)","1","7","dotProd(float*, float*, float*, int) [188]"
33554432,1.408505,1.657620e-04,,,,,,,,,,2.000000,11.782707,"GeForce GTX TITAN X (0)","1","7","[CUDA memcpy DtoH]"
37748736,"Start","Duration","Grid X","Grid Y","Grid Z","Block X","Block Y","Block Z","Registers Per Thread","Static SMem","Dynamic SMem","Size","Throughput","Device","Context","Stream","Name"
37748736,s,s,,,,,,,,B,B,MB,GB/s,,,,
37748736,1.394289,0.016091,,,,,,,,,,144.000000,8.739555,"GeForce GTX TITAN X (0)","1","7","[CUDA memcpy HtoD]"
37748736,1.410492,0.015878,,,,,,,,,,144.000000,8.856741,"GeForce GTX TITAN X (0)","1","7","[CUDA memcpy HtoD]"
37748736,1.426376,2.587068e-03,589824,1,1,64,1,1,11,256,0,,,"GeForce GTX TITAN X (0)","1","7","dotProd(float*, float*, float*, int) [188]"
37748736,1.428965,5.656060e-04,,,,,,,,,,2.250000,3.884799,"GeForce GTX TITAN X (0)","1","7","[CUDA memcpy DtoH]"
41943040,"Start","Duration","Grid X","Grid Y","Grid Z","Block X","Block Y","Block Z","Registers Per Thread","Static SMem","Dynamic SMem","Size","Throughput","Device","Context","Stream","Name"
41943040,s,s,,,,,,,,B,B,MB,GB/s,,,,
41943040,1.385927,0.017520,,,,,,,,,,160.000000,8.918203,"GeForce GTX TITAN X (0)","1","7","[CUDA memcpy HtoD]"
41943040,1.403557,0.017302,,,,,,,,,,160.000000,9.030644,"GeForce GTX TITAN X (0)","1","7","[CUDA memcpy HtoD]"
41943040,1.420866,2.872703e-03,655360,1,1,64,1,1,11,256,0,,,"GeForce GTX TITAN X (0)","1","7","dotProd(float*, float*, float*, int) [188]"
41943040,1.423741,5.848380e-04,,,,,,,,,,2.500000,4.174500,"GeForce GTX TITAN X (0)","1","7","[CUDA memcpy DtoH]"
46137344,"Start","Duration","Grid X","Grid Y","Grid Z","Block X","Block Y","Block Z","Registers Per Thread","Static SMem","Dynamic SMem","Size","Throughput","Device","Context","Stream","Name"
46137344,s,s,,,,,,,,B,B,MB,GB/s,,,,
46137344,1.387771,0.019343,,,,,,,,,,176.000000,8.885855,"GeForce GTX TITAN X (0)","1","7","[CUDA memcpy HtoD]"
46137344,1.407225,0.019197,,,,,,,,,,176.000000,8.953400,"GeForce GTX TITAN X (0)","1","7","[CUDA memcpy HtoD]"
46137344,1.426428,3.135233e-03,720896,1,1,64,1,1,11,256,0,,,"GeForce GTX TITAN X (0)","1","7","dotProd(float*, float*, float*, int) [188]"
46137344,1.429565,6.083910e-04,,,,,,,,,,2.750000,4.414179,"GeForce GTX TITAN X (0)","1","7","[CUDA memcpy DtoH]"
50331648,"Start","Duration","Grid X","Grid Y","Grid Z","Block X","Block Y","Block Z","Registers Per Thread","Static SMem","Dynamic SMem","Size","Throughput","Device","Context","Stream","Name"
50331648,s,s,,,,,,,,B,B,MB,GB/s,,,,
50331648,1.368151,0.021249,,,,,,,,,,192.000000,8.823844,"GeForce GTX TITAN X (0)","1","7","[CUDA memcpy HtoD]"
50331648,1.389510,0.021027,,,,,,,,,,192.000000,8.916998,"GeForce GTX TITAN X (0)","1","7","[CUDA memcpy HtoD]"
50331648,1.410543,3.416931e-03,786432,1,1,64,1,1,11,256,0,,,"GeForce GTX TITAN X (0)","1","7","dotProd(float*, float*, float*, int) [188]"
50331648,1.413963,6.273340e-04,,,,,,,,,,3.000000,4.670060,"GeForce GTX TITAN X (0)","1","7","[CUDA memcpy DtoH]"
54525952,"Start","Duration","Grid X","Grid Y","Grid Z","Block X","Block Y","Block Z","Registers Per Thread","Static SMem","Dynamic SMem","Size","Throughput","Device","Context","Stream","Name"
54525952,s,s,,,,,,,,B,B,MB,GB/s,,,,
54525952,1.377041,0.023227,,,,,,,,,,208.000000,8.745249,"GeForce GTX TITAN X (0)","1","7","[CUDA memcpy HtoD]"
54525952,1.400380,0.022973,,,,,,,,,,208.000000,8.841776,"GeForce GTX TITAN X (0)","1","7","[CUDA memcpy HtoD]"
54525952,1.423359,3.702854e-03,851968,1,1,64,1,1,11,256,0,,,"GeForce GTX TITAN X (0)","1","7","dotProd(float*, float*, float*, int) [188]"
54525952,1.427065,9.998180e-04,,,,,,,,,,3.250000,3.174406,"GeForce GTX TITAN X (0)","1","7","[CUDA memcpy DtoH]"
58720256,"Start","Duration","Grid X","Grid Y","Grid Z","Block X","Block Y","Block Z","Registers Per Thread","Static SMem","Dynamic SMem","Size","Throughput","Device","Context","Stream","Name"
58720256,s,s,,,,,,,,B,B,MB,GB/s,,,,
58720256,1.418533,0.024578,,,,,,,,,,224.000000,8.900266,"GeForce GTX TITAN X (0)","1","7","[CUDA memcpy HtoD]"
58720256,1.443220,0.024374,,,,,,,,,,224.000000,8.974781,"GeForce GTX TITAN X (0)","1","7","[CUDA memcpy HtoD]"
58720256,1.467599,3.987913e-03,917504,1,1,64,1,1,11,256,0,,,"GeForce GTX TITAN X (0)","1","7","dotProd(float*, float*, float*, int) [188]"
58720256,1.471590,8.338970e-04,,,,,,,,,,3.500000,4.098790,"GeForce GTX TITAN X (0)","1","7","[CUDA memcpy DtoH]"
62914560,"Start","Duration","Grid X","Grid Y","Grid Z","Block X","Block Y","Block Z","Registers Per Thread","Static SMem","Dynamic SMem","Size","Throughput","Device","Context","Stream","Name"
62914560,s,s,,,,,,,,B,B,MB,GB/s,,,,
62914560,1.418564,0.026555,,,,,,,,,,240.000000,8.825949,"GeForce GTX TITAN X (0)","1","7","[CUDA memcpy HtoD]"
62914560,1.445229,0.026316,,,,,,,,,,240.000000,8.906238,"GeForce GTX TITAN X (0)","1","7","[CUDA memcpy HtoD]"
62914560,1.471551,4.275244e-03,983040,1,1,64,1,1,11,256,0,,,"GeForce GTX TITAN X (0)","1","7","dotProd(float*, float*, float*, int) [188]"
62914560,1.475828,1.160972e-03,,,,,,,,,,3.750000,3.154348,"GeForce GTX TITAN X (0)","1","7","[CUDA memcpy DtoH]"
67108864,"Start","Duration","Grid X","Grid Y","Grid Z","Block X","Block Y","Block Z","Registers Per Thread","Static SMem","Dynamic SMem","Size","Throughput","Device","Context","Stream","Name"
67108864,s,s,,,,,,,,B,B,MB,GB/s,,,,
67108864,1.426288,0.027951,,,,,,,,,,256.000000,8.944304,"GeForce GTX TITAN X (0)","1","7","[CUDA memcpy HtoD]"
67108864,1.454350,0.027889,,,,,,,,,,256.000000,8.964111,"GeForce GTX TITAN X (0)","1","7","[CUDA memcpy HtoD]"
67108864,1.482245,4.561263e-03,1048576,1,1,64,1,1,11,256,0,,,"GeForce GTX TITAN X (0)","1","7","dotProd(float*, float*, float*, int) [188]"
67108864,1.486808,1.225356e-03,,,,,,,,,,4.000000,3.187849,"GeForce GTX TITAN X (0)","1","7","[CUDA memcpy DtoH]"
71303168,"Start","Duration","Grid X","Grid Y","Grid Z","Block X","Block Y","Block Z","Registers Per Thread","Static SMem","Dynamic SMem","Size","Throughput","Device","Context","Stream","Name"
71303168,s,s,,,,,,,,B,B,MB,GB/s,,,,
71303168,1.478333,0.030154,,,,,,,,,,272.000000,8.808852,"GeForce GTX TITAN X (0)","1","7","[CUDA memcpy HtoD]"
71303168,1.508599,0.030010,,,,,,,,,,272.000000,8.851310,"GeForce GTX TITAN X (0)","1","7","[CUDA memcpy HtoD]"
71303168,1.538615,4.843218e-03,1114112,1,1,64,1,1,11,256,0,,,"GeForce GTX TITAN X (0)","1","7","dotProd(float*, float*, float*, int) [188]"
71303168,1.543461,9.748580e-04,,,,,,,,,,4.250000,4.257431,"GeForce GTX TITAN X (0)","1","7","[CUDA memcpy DtoH]"
75497472,"Start","Duration","Grid X","Grid Y","Grid Z","Block X","Block Y","Block Z","Registers Per Thread","Static SMem","Dynamic SMem","Size","Throughput","Device","Context","Stream","Name"
75497472,s,s,,,,,,,,B,B,MB,GB/s,,,,
75497472,1.450669,0.031761,,,,,,,,,,288.000000,8.855283,"GeForce GTX TITAN X (0)","1","7","[CUDA memcpy HtoD]"
75497472,1.482541,0.031496,,,,,,,,,,288.000000,8.929770,"GeForce GTX TITAN X (0)","1","7","[CUDA memcpy HtoD]"
75497472,1.514042,5.126708e-03,1179648,1,1,64,1,1,11,256,0,,,"GeForce GTX TITAN X (0)","1","7","dotProd(float*, float*, float*, int) [188]"
75497472,1.519171,1.257932e-03,,,,,,,,,,4.500000,3.493457,"GeForce GTX TITAN X (0)","1","7","[CUDA memcpy DtoH]"
79691776,"Start","Duration","Grid X","Grid Y","Grid Z","Block X","Block Y","Block Z","Registers Per Thread","Static SMem","Dynamic SMem","Size","Throughput","Device","Context","Stream","Name"
79691776,s,s,,,,,,,,B,B,MB,GB/s,,,,
79691776,1.405390,0.033287,,,,,,,,,,304.000000,8.918580,"GeForce GTX TITAN X (0)","1","7","[CUDA memcpy HtoD]"
79691776,1.438786,0.033189,,,,,,,,,,304.000000,8.944963,"GeForce GTX TITAN X (0)","1","7","[CUDA memcpy HtoD]"
79691776,1.471982,5.409879e-03,1245184,1,1,64,1,1,11,256,0,,,"GeForce GTX TITAN X (0)","1","7","dotProd(float*, float*, float*, int) [188]"
79691776,1.477394,1.221388e-03,,,,,,,,,,4.750000,3.797869,"GeForce GTX TITAN X (0)","1","7","[CUDA memcpy DtoH]"
83886080,"Start","Duration","Grid X","Grid Y","Grid Z","Block X","Block Y","Block Z","Registers Per Thread","Static SMem","Dynamic SMem","Size","Throughput","Device","Context","Stream","Name"
83886080,s,s,,,,,,,,B,B,MB,GB/s,,,,
83886080,1.426507,0.035101,,,,,,,,,,320.000000,8.902817,"GeForce GTX TITAN X (0)","1","7","[CUDA memcpy HtoD]"
83886080,1.461723,0.035127,,,,,,,,,,320.000000,8.896394,"GeForce GTX TITAN X (0)","1","7","[CUDA memcpy HtoD]"
83886080,1.496856,5.695609e-03,1310720,1,1,64,1,1,11,256,0,,,"GeForce GTX TITAN X (0)","1","7","dotProd(float*, float*, float*, int) [188]"
83886080,1.502553,1.189324e-03,,,,,,,,,,5.000000,4.105536,"GeForce GTX TITAN X (0)","1","7","[CUDA memcpy DtoH]"
88080384,"Start","Duration","Grid X","Grid Y","Grid Z","Block X","Block Y","Block Z","Registers Per Thread","Static SMem","Dynamic SMem","Size","Throughput","Device","Context","Stream","Name"
88080384,s,s,,,,,,,,B,B,MB,GB/s,,,,
88080384,1.508942,0.036009,,,,,,,,,,336.000000,9.112235,"GeForce GTX TITAN X (0)","1","7","[CUDA memcpy HtoD]"
88080384,1.545055,0.033726,,,,,,,,,,336.000000,9.729162,"GeForce GTX TITAN X (0)","1","7","[CUDA memcpy HtoD]"
88080384,1.578787,5.977049e-03,1376256,1,1,64,1,1,11,256,0,,,"GeForce GTX TITAN X (0)","1","7","dotProd(float*, float*, float*, int) [188]"
88080384,1.584766,1.309677e-03,,,,,,,,,,5.250000,3.914670,"GeForce GTX TITAN X (0)","1","7","[CUDA memcpy DtoH]"
92274688,"Start","Duration","Grid X","Grid Y","Grid Z","Block X","Block Y","Block Z","Registers Per Thread","Static SMem","Dynamic SMem","Size","Throughput","Device","Context","Stream","Name"
92274688,s,s,,,,,,,,B,B,MB,GB/s,,,,
92274688,1.424396,0.038508,,,,,,,,,,352.000000,8.926746,"GeForce GTX TITAN X (0)","1","7","[CUDA memcpy HtoD]"
92274688,1.463027,0.038530,,,,,,,,,,352.000000,8.921682,"GeForce GTX TITAN X (0)","1","7","[CUDA memcpy HtoD]"
92274688,1.501563,6.260447e-03,1441792,1,1,64,1,1,11,256,0,,,"GeForce GTX TITAN X (0)","1","7","dotProd(float*, float*, float*, int) [188]"
92274688,1.507826,1.526031e-03,,,,,,,,,,5.500000,3.519649,"GeForce GTX TITAN X (0)","1","7","[CUDA memcpy DtoH]"
96468992,"Start","Duration","Grid X","Grid Y","Grid Z","Block X","Block Y","Block Z","Registers Per Thread","Static SMem","Dynamic SMem","Size","Throughput","Device","Context","Stream","Name"
96468992,s,s,,,,,,,,B,B,MB,GB/s,,,,
96468992,1.457526,0.040471,,,,,,,,,,368.000000,8.879802,"GeForce GTX TITAN X (0)","1","7","[CUDA memcpy HtoD]"
96468992,1.498109,0.040478,,,,,,,,,,368.000000,8.878378,"GeForce GTX TITAN X (0)","1","7","[CUDA memcpy HtoD]"
96468992,1.538593,6.550049e-03,1507328,1,1,64,1,1,11,256,0,,,"GeForce GTX TITAN X (0)","1","7","dotProd(float*, float*, float*, int) [188]"
96468992,1.545146,1.518767e-03,,,,,,,,,,5.750000,3.697232,"GeForce GTX TITAN X (0)","1","7","[CUDA memcpy DtoH]"
100663296,"Start","Duration","Grid X","Grid Y","Grid Z","Block X","Block Y","Block Z","Registers Per Thread","Static SMem","Dynamic SMem","Size","Throughput","Device","Context","Stream","Name"
100663296,s,s,,,,,,,,B,B,MB,GB/s,,,,
100663296,1.485978,0.041939,,,,,,,,,,384.000000,8.941489,"GeForce GTX TITAN X (0)","1","7","[CUDA memcpy HtoD]"
100663296,1.528026,0.041726,,,,,,,,,,384.000000,8.987283,"GeForce GTX TITAN X (0)","1","7","[CUDA memcpy HtoD]"
100663296,1.569758,6.881283e-03,1572864,1,1,64,1,1,11,256,0,,,"GeForce GTX TITAN X (0)","1","7","dotProd(float*, float*, float*, int) [188]"
100663296,1.576641,1.677105e-03,,,,,,,,,,6.000000,3.493744,"GeForce GTX TITAN X (0)","1","7","[CUDA memcpy DtoH]"
104857600,"Start","Duration","Grid X","Grid Y","Grid Z","Block X","Block Y","Block Z","Registers Per Thread","Static SMem","Dynamic SMem","Size","Throughput","Device","Context","Stream","Name"
104857600,s,s,,,,,,,,B,B,MB,GB/s,,,,
104857600,1.482290,0.044097,,,,,,,,,,400.000000,8.858247,"GeForce GTX TITAN X (0)","1","7","[CUDA memcpy HtoD]"
104857600,1.526500,0.044135,,,,,,,,,,400.000000,8.850694,"GeForce GTX TITAN X (0)","1","7","[CUDA memcpy HtoD]"
104857600,1.570641,7.119781e-03,1638400,1,1,64,1,1,11,256,0,,,"GeForce GTX TITAN X (0)","1","7","dotProd(float*, float*, float*, int) [188]"
104857600,1.577763,1.529423e-03,,,,,,,,,,6.250000,3.990731,"GeForce GTX TITAN X (0)","1","7","[CUDA memcpy DtoH]"
109051904,"Start","Duration","Grid X","Grid Y","Grid Z","Block X","Block Y","Block Z","Registers Per Thread","Static SMem","Dynamic SMem","Size","Throughput","Device","Context","Stream","Name"
109051904,s,s,,,,,,,,B,B,MB,GB/s,,,,
109051904,1.469796,0.045552,,,,,,,,,,416.000000,8.918312,"GeForce GTX TITAN X (0)","1","7","[CUDA memcpy HtoD]"
109051904,1.515464,0.045412,,,,,,,,,,416.000000,8.945850,"GeForce GTX TITAN X (0)","1","7","[CUDA memcpy HtoD]"
109051904,1.560882,7.403495e-03,1703936,1,1,64,1,1,11,256,0,,,"GeForce GTX TITAN X (0)","1","7","dotProd(float*, float*, float*, int) [188]"
109051904,1.568288,1.511790e-03,,,,,,,,,,6.500000,4.198769,"GeForce GTX TITAN X (0)","1","7","[CUDA memcpy DtoH]"
113246208,"Start","Duration","Grid X","Grid Y","Grid Z","Block X","Block Y","Block Z","Registers Per Thread","Static SMem","Dynamic SMem","Size","Throughput","Device","Context","Stream","Name"
113246208,s,s,,,,,,,,B,B,MB,GB/s,,,,
113246208,1.452053,0.047568,,,,,,,,,,432.000000,8.868839,"GeForce GTX TITAN X (0)","1","7","[CUDA memcpy HtoD]"
113246208,1.499740,0.047744,,,,,,,,,,432.000000,8.836252,"GeForce GTX TITAN X (0)","1","7","[CUDA memcpy HtoD]"
113246208,1.547489,7.692362e-03,1769472,1,1,64,1,1,11,256,0,,,"GeForce GTX TITAN X (0)","1","7","dotProd(float*, float*, float*, int) [188]"
113246208,1.555184,1.796977e-03,,,,,,,,,,6.750000,3.668270,"GeForce GTX TITAN X (0)","1","7","[CUDA memcpy DtoH]"
117440512,"Start","Duration","Grid X","Grid Y","Grid Z","Block X","Block Y","Block Z","Registers Per Thread","Static SMem","Dynamic SMem","Size","Throughput","Device","Context","Stream","Name"
117440512,s,s,,,,,,,,B,B,MB,GB/s,,,,
117440512,1.488894,0.048970,,,,,,,,,,448.000000,8.934023,"GeForce GTX TITAN X (0)","1","7","[CUDA memcpy HtoD]"
117440512,1.537975,0.049075,,,,,,,,,,448.000000,8.914950,"GeForce GTX TITAN X (0)","1","7","[CUDA memcpy HtoD]"
117440512,1.587057,7.966060e-03,1835008,1,1,64,1,1,11,256,0,,,"GeForce GTX TITAN X (0)","1","7","dotProd(float*, float*, float*, int) [188]"
117440512,1.595025,1.692209e-03,,,,,,,,,,7.000000,4.039653,"GeForce GTX TITAN X (0)","1","7","[CUDA memcpy DtoH]"
121634816,"Start","Duration","Grid X","Grid Y","Grid Z","Block X","Block Y","Block Z","Registers Per Thread","Static SMem","Dynamic SMem","Size","Throughput","Device","Context","Stream","Name"
121634816,s,s,,,,,,,,B,B,MB,GB/s,,,,
121634816,1.532720,0.051811,,,,,,,,,,464.000000,8.745780,"GeForce GTX TITAN X (0)","1","7","[CUDA memcpy HtoD]"
121634816,1.584647,0.052053,,,,,,,,,,464.000000,8.705122,"GeForce GTX TITAN X (0)","1","7","[CUDA memcpy HtoD]"
121634816,1.636707,8.254798e-03,1900544,1,1,64,1,1,11,256,0,,,"GeForce GTX TITAN X (0)","1","7","dotProd(float*, float*, float*, int) [188]"
121634816,1.644964,1.587471e-03,,,,,,,,,,7.250000,4.459973,"GeForce GTX TITAN X (0)","1","7","[CUDA memcpy DtoH]"
125829120,"Start","Duration","Grid X","Grid Y","Grid Z","Block X","Block Y","Block Z","Registers Per Thread","Static SMem","Dynamic SMem","Size","Throughput","Device","Context","Stream","Name"
125829120,s,s,,,,,,,,B,B,MB,GB/s,,,,
125829120,1.503846,0.053681,,,,,,,,,,480.000000,8.732068,"GeForce GTX TITAN X (0)","1","7","[CUDA memcpy HtoD]"
125829120,1.557640,0.053410,,,,,,,,,,480.000000,8.776470,"GeForce GTX TITAN X (0)","1","7","[CUDA memcpy HtoD]"
125829120,1.611056,8.536881e-03,1966080,1,1,64,1,1,11,256,0,,,"GeForce GTX TITAN X (0)","1","7","dotProd(float*, float*, float*, int) [188]"
125829120,1.619595,1.956274e-03,,,,,,,,,,7.500000,3.743964,"GeForce GTX TITAN X (0)","1","7","[CUDA memcpy DtoH]"
130023424,"Start","Duration","Grid X","Grid Y","Grid Z","Block X","Block Y","Block Z","Registers Per Thread","Static SMem","Dynamic SMem","Size","Throughput","Device","Context","Stream","Name"
130023424,s,s,,,,,,,,B,B,MB,GB/s,,,,
130023424,1.514081,0.055147,,,,,,,,,,496.000000,8.783349,"GeForce GTX TITAN X (0)","1","7","[CUDA memcpy HtoD]"
130023424,1.569340,0.055125,,,,,,,,,,496.000000,8.786882,"GeForce GTX TITAN X (0)","1","7","[CUDA memcpy HtoD]"
130023424,1.624471,8.819092e-03,2031616,1,1,64,1,1,11,256,0,,,"GeForce GTX TITAN X (0)","1","7","dotProd(float*, float*, float*, int) [188]"
130023424,1.633292,1.864818e-03,,,,,,,,,,7.750000,4.058498,"GeForce GTX TITAN X (0)","1","7","[CUDA memcpy DtoH]"
134217728,"Start","Duration","Grid X","Grid Y","Grid Z","Block X","Block Y","Block Z","Registers Per Thread","Static SMem","Dynamic SMem","Size","Throughput","Device","Context","Stream","Name"
134217728,s,s,,,,,,,,B,B,MB,GB/s,,,,
134217728,1.538042,0.055626,,,,,,,,,,512.000000,8.988607,"GeForce GTX TITAN X (0)","1","7","[CUDA memcpy HtoD]"
134217728,1.593778,0.055622,,,,,,,,,,512.000000,8.989264,"GeForce GTX TITAN X (0)","1","7","[CUDA memcpy HtoD]"
134217728,1.649406,9.179767e-03,2097152,1,1,64,1,1,11,256,0,,,"GeForce GTX TITAN X (0)","1","7","dotProd(float*, float*, float*, int) [188]"
134217728,1.658588,1.657328e-03,,,,,,,,,,8.000000,4.713913,"GeForce GTX TITAN X (0)","1","7","[CUDA memcpy DtoH]"
138412032,"Start","Duration","Grid X","Grid Y","Grid Z","Block X","Block Y","Block Z","Registers Per Thread","Static SMem","Dynamic SMem","Size","Throughput","Device","Context","Stream","Name"
138412032,s,s,,,,,,,,B,B,MB,GB/s,,,,
138412032,1.528822,0.057654,,,,,,,,,,528.000000,8.943370,"GeForce GTX TITAN X (0)","1","7","[CUDA memcpy HtoD]"
138412032,1.586596,0.057730,,,,,,,,,,528.000000,8.931691,"GeForce GTX TITAN X (0)","1","7","[CUDA memcpy HtoD]"
138412032,1.644332,9.466043e-03,2162688,1,1,64,1,1,11,256,0,,,"GeForce GTX TITAN X (0)","1","7","dotProd(float*, float*, float*, int) [188]"
138412032,1.653801,1.985683e-03,,,,,,,,,,8.250000,4.057365,"GeForce GTX TITAN X (0)","1","7","[CUDA memcpy DtoH]"
142606336,"Start","Duration","Grid X","Grid Y","Grid Z","Block X","Block Y","Block Z","Registers Per Thread","Static SMem","Dynamic SMem","Size","Throughput","Device","Context","Stream","Name"
142606336,s,s,,,,,,,,B,B,MB,GB/s,,,,
142606336,1.550676,0.059486,,,,,,,,,,544.000000,8.930639,"GeForce GTX TITAN X (0)","1","7","[CUDA memcpy HtoD]"
142606336,1.610273,0.059538,,,,,,,,,,544.000000,8.922830,"GeForce GTX TITAN X (0)","1","7","[CUDA memcpy HtoD]"
142606336,1.669817,9.677435e-03,2228224,1,1,64,1,1,11,256,0,,,"GeForce GTX TITAN X (0)","1","7","dotProd(float*, float*, float*, int) [188]"
142606336,1.679497,1.953330e-03,,,,,,,,,,8.500000,4.249554,"GeForce GTX TITAN X (0)","1","7","[CUDA memcpy DtoH]"
146800640,"Start","Duration","Grid X","Grid Y","Grid Z","Block X","Block Y","Block Z","Registers Per Thread","Static SMem","Dynamic SMem","Size","Throughput","Device","Context","Stream","Name"
146800640,s,s,,,,,,,,B,B,MB,GB/s,,,,
146800640,1.603784,0.059245,,,,,,,,,,560.000000,9.230807,"GeForce GTX TITAN X (0)","1","7","[CUDA memcpy HtoD]"
146800640,1.663139,0.062712,,,,,,,,,,560.000000,8.720442,"GeForce GTX TITAN X (0)","1","7","[CUDA memcpy HtoD]"
146800640,1.725871,8.969715e-03,2293760,1,1,64,1,1,11,256,0,,,"GeForce GTX TITAN X (0)","1","7","dotProd(float*, float*, float*, int) [188]"
146800640,1.734843,3.375071e-03,,,,,,,,,,8.750000,2.531775,"GeForce GTX TITAN X (0)","1","7","[CUDA memcpy DtoH]"
150994944,"Start","Duration","Grid X","Grid Y","Grid Z","Block X","Block Y","Block Z","Registers Per Thread","Static SMem","Dynamic SMem","Size","Throughput","Device","Context","Stream","Name"
150994944,s,s,,,,,,,,B,B,MB,GB/s,,,,
150994944,1.556134,0.062728,,,,,,,,,,576.000000,8.967231,"GeForce GTX TITAN X (0)","1","7","[CUDA memcpy HtoD]"
150994944,1.618973,0.062579,,,,,,,,,,576.000000,8.988608,"GeForce GTX TITAN X (0)","1","7","[CUDA memcpy HtoD]"
150994944,1.681558,0.010247,2359296,1,1,64,1,1,11,256,0,,,"GeForce GTX TITAN X (0)","1","7","dotProd(float*, float*, float*, int) [188]"
150994944,1.691807,2.060372e-03,,,,,,,,,,9.000000,4.265765,"GeForce GTX TITAN X (0)","1","7","[CUDA memcpy DtoH]"
155189248,"Start","Duration","Grid X","Grid Y","Grid Z","Block X","Block Y","Block Z","Registers Per Thread","Static SMem","Dynamic SMem","Size","Throughput","Device","Context","Stream","Name"
155189248,s,s,,,,,,,,B,B,MB,GB/s,,,,
155189248,1.547153,0.064815,,,,,,,,,,592.000000,8.919599,"GeForce GTX TITAN X (0)","1","7","[CUDA memcpy HtoD]"
155189248,1.612076,0.064341,,,,,,,,,,592.000000,8.985379,"GeForce GTX TITAN X (0)","1","7","[CUDA memcpy HtoD]"
155189248,1.676423,0.010532,2424832,1,1,64,1,1,11,256,0,,,"GeForce GTX TITAN X (0)","1","7","dotProd(float*, float*, float*, int) [188]"
155189248,1.686958,2.169461e-03,,,,,,,,,,9.250000,4.163801,"GeForce GTX TITAN X (0)","1","7","[CUDA memcpy DtoH]"
159383552,"Start","Duration","Grid X","Grid Y","Grid Z","Block X","Block Y","Block Z","Registers Per Thread","Static SMem","Dynamic SMem","Size","Throughput","Device","Context","Stream","Name"
159383552,s,s,,,,,,,,B,B,MB,GB/s,,,,
159383552,1.534499,0.063161,,,,,,,,,,608.000000,9.400626,"GeForce GTX TITAN X (0)","1","7","[CUDA memcpy HtoD]"
159383552,1.597761,0.058472,,,,,,,,,,608.000000,10.154360,"GeForce GTX TITAN X (0)","1","7","[CUDA memcpy HtoD]"
159383552,1.656240,0.010893,2490368,1,1,64,1,1,11,256,0,,,"GeForce GTX TITAN X (0)","1","7","dotProd(float*, float*, float*, int) [188]"
159383552,1.667135,1.662863e-03,,,,,,,,,,9.500000,5.579139,"GeForce GTX TITAN X (0)","1","7","[CUDA memcpy DtoH]"
163577856,"Start","Duration","Grid X","Grid Y","Grid Z","Block X","Block Y","Block Z","Registers Per Thread","Static SMem","Dynamic SMem","Size","Throughput","Device","Context","Stream","Name"
163577856,s,s,,,,,,,,B,B,MB,GB/s,,,,
163577856,1.531054,0.069292,,,,,,,,,,624.000000,8.794320,"GeForce GTX TITAN X (0)","1","7","[CUDA memcpy HtoD]"
163577856,1.600461,0.069533,,,,,,,,,,624.000000,8.763876,"GeForce GTX TITAN X (0)","1","7","[CUDA memcpy HtoD]"
163577856,1.670000,0.011177,2555904,1,1,64,1,1,11,256,0,,,"GeForce GTX TITAN X (0)","1","7","dotProd(float*, float*, float*, int) [188]"
163577856,1.681179,2.233621e-03,,,,,,,,,,9.750000,4.262802,"GeForce GTX TITAN X (0)","1","7","[CUDA memcpy DtoH]"
167772160,"Start","Duration","Grid X","Grid Y","Grid Z","Block X","Block Y","Block Z","Registers Per Thread","Static SMem","Dynamic SMem","Size","Throughput","Device","Context","Stream","Name"
167772160,s,s,,,,,,,,B,B,MB,GB/s,,,,
167772160,1.549010,0.070405,,,,,,,,,,640.000000,8.877169,"GeForce GTX TITAN X (0)","1","7","[CUDA memcpy HtoD]"
167772160,1.619528,0.070193,,,,,,,,,,640.000000,8.903968,"GeForce GTX TITAN X (0)","1","7","[CUDA memcpy HtoD]"
167772160,1.689728,0.011468,2621440,1,1,64,1,1,11,256,0,,,"GeForce GTX TITAN X (0)","1","7","dotProd(float*, float*, float*, int) [188]"
167772160,1.701198,2.216149e-03,,,,,,,,,,10.000000,4.406574,"GeForce GTX TITAN X (0)","1","7","[CUDA memcpy DtoH]"
171966464,"Start","Duration","Grid X","Grid Y","Grid Z","Block X","Block Y","Block Z","Registers Per Thread","Static SMem","Dynamic SMem","Size","Throughput","Device","Context","Stream","Name"
171966464,s,s,,,,,,,,B,B,MB,GB/s,,,,
171966464,1.560718,0.071945,,,,,,,,,,656.000000,8.904416,"GeForce GTX TITAN X (0)","1","7","[CUDA memcpy HtoD]"
171966464,1.632771,0.071568,,,,,,,,,,656.000000,8.951310,"GeForce GTX TITAN X (0)","1","7","[CUDA memcpy HtoD]"
171966464,1.704345,0.010508,2686976,1,1,64,1,1,11,256,0,,,"GeForce GTX TITAN X (0)","1","7","dotProd(float*, float*, float*, int) [188]"
171966464,1.714854,2.015379e-03,,,,,,,,,,10.250000,4.966691,"GeForce GTX TITAN X (0)","1","7","[CUDA memcpy DtoH]"
176160768,"Start","Duration","Grid X","Grid Y","Grid Z","Block X","Block Y","Block Z","Registers Per Thread","Static SMem","Dynamic SMem","Size","Throughput","Device","Context","Stream","Name"
176160768,s,s,,,,,,,,B,B,MB,GB/s,,,,
176160768,1.643409,0.071287,,,,,,,,,,672.000000,9.205797,"GeForce GTX TITAN X (0)","1","7","[CUDA memcpy HtoD]"
176160768,1.714797,0.066087,,,,,,,,,,672.000000,9.930038,"GeForce GTX TITAN X (0)","1","7","[CUDA memcpy HtoD]"
176160768,1.780891,0.012045,2752512,1,1,64,1,1,11,256,0,,,"GeForce GTX TITAN X (0)","1","7","dotProd(float*, float*, float*, int) [188]"
176160768,1.792938,1.989011e-03,,,,,,,,,,10.500000,5.155279,"GeForce GTX TITAN X (0)","1","7","[CUDA memcpy DtoH]"
180355072,"Start","Duration","Grid X","Grid Y","Grid Z","Block X","Block Y","Block Z","Registers Per Thread","Static SMem","Dynamic SMem","Size","Throughput","Device","Context","Stream","Name"
180355072,s,s,,,,,,,,B,B,MB,GB/s,,,,
180355072,1.636016,0.071517,,,,,,,,,,688.000000,9.394556,"GeForce GTX TITAN X (0)","1","7","[CUDA memcpy HtoD]"
180355072,1.707632,0.066310,,,,,,,,,,688.000000,10.132370,"GeForce GTX TITAN X (0)","1","7","[CUDA memcpy HtoD]"
180355072,1.773948,0.012323,2818048,1,1,64,1,1,11,256,0,,,"GeForce GTX TITAN X (0)","1","7","dotProd(float*, float*, float*, int) [188]"
180355072,1.786273,2.121267e-03,,,,,,,,,,10.750000,4.948951,"GeForce GTX TITAN X (0)","1","7","[CUDA memcpy DtoH]"
184549376,"Start","Duration","Grid X","Grid Y","Grid Z","Block X","Block Y","Block Z","Registers Per Thread","Static SMem","Dynamic SMem","Size","Throughput","Device","Context","Stream","Name"
184549376,s,s,,,,,,,,B,B,MB,GB/s,,,,
184549376,1.617480,0.073396,,,,,,,,,,704.000000,9.366958,"GeForce GTX TITAN X (0)","1","7","[CUDA memcpy HtoD]"
184549376,1.690978,0.069462,,,,,,,,,,704.000000,9.897445,"GeForce GTX TITAN X (0)","1","7","[CUDA memcpy HtoD]"
184549376,1.760447,0.010900,2883584,1,1,64,1,1,11,256,0,,,"GeForce GTX TITAN X (0)","1","7","dotProd(float*, float*, float*, int) [188]"
184549376,1.771348,1.990002e-03,,,,,,,,,,11.000000,5.398079,"GeForce GTX TITAN X (0)","1","7","[CUDA memcpy DtoH]"
188743680,"Start","Duration","Grid X","Grid Y","Grid Z","Block X","Block Y","Block Z","Registers Per Thread","Static SMem","Dynamic SMem","Size","Throughput","Device","Context","Stream","Name"
188743680,s,s,,,,,,,,B,B,MB,GB/s,,,,
188743680,1.589928,0.078623,,,,,,,,,,720.000000,8.943045,"GeForce GTX TITAN X (0)","1","7","[CUDA memcpy HtoD]"
188743680,1.668663,0.078501,,,,,,,,,,720.000000,8.956873,"GeForce GTX TITAN X (0)","1","7","[CUDA memcpy HtoD]"
188743680,1.747170,0.011532,2949120,1,1,64,1,1,11,256,0,,,"GeForce GTX TITAN X (0)","1","7","dotProd(float*, float*, float*, int) [188]"
188743680,1.758704,2.847514e-03,,,,,,,,,,11.250000,3.858217,"GeForce GTX TITAN X (0)","1","7","[CUDA memcpy DtoH]"
192937984,"Start","Duration","Grid X","Grid Y","Grid Z","Block X","Block Y","Block Z","Registers Per Thread","Static SMem","Dynamic SMem","Size","Throughput","Device","Context","Stream","Name"
192937984,s,s,,,,,,,,B,B,MB,GB/s,,,,
192937984,1.587949,0.080487,,,,,,,,,,736.000000,8.929977,"GeForce GTX TITAN X (0)","1","7","[CUDA memcpy HtoD]"
192937984,1.668547,0.080592,,,,,,,,,,736.000000,8.918368,"GeForce GTX TITAN X (0)","1","7","[CUDA memcpy HtoD]"
192937984,1.749145,0.011787,3014656,1,1,64,1,1,11,256,0,,,"GeForce GTX TITAN X (0)","1","7","dotProd(float*, float*, float*, int) [188]"
192937984,1.760934,2.784345e-03,,,,,,,,,,11.500000,4.033433,"GeForce GTX TITAN X (0)","1","7","[CUDA memcpy DtoH]"
197132288,"Start","Duration","Grid X","Grid Y","Grid Z","Block X","Block Y","Block Z","Registers Per Thread","Static SMem","Dynamic SMem","Size","Throughput","Device","Context","Stream","Name"
197132288,s,s,,,,,,,,B,B,MB,GB/s,,,,
197132288,1.612880,0.082753,,,,,,,,,,752.000000,8.874289,"GeForce GTX TITAN X (0)","1","7","[CUDA memcpy HtoD]"
197132288,1.695741,0.082520,,,,,,,,,,752.000000,8.899342,"GeForce GTX TITAN X (0)","1","7","[CUDA memcpy HtoD]"
197132288,1.778267,0.011645,3080192,1,1,64,1,1,11,256,0,,,"GeForce GTX TITAN X (0)","1","7","dotProd(float*, float*, float*, int) [188]"
197132288,1.789914,2.977883e-03,,,,,,,,,,11.750000,3.853277,"GeForce GTX TITAN X (0)","1","7","[CUDA memcpy DtoH]"
201326592,"Start","Duration","Grid X","Grid Y","Grid Z","Block X","Block Y","Block Z","Registers Per Thread","Static SMem","Dynamic SMem","Size","Throughput","Device","Context","Stream","Name"
201326592,s,s,,,,,,,,B,B,MB,GB/s,,,,
201326592,1.621459,0.085718,,,,,,,,,,768.000000,8.749667,"GeForce GTX TITAN X (0)","1","7","[CUDA memcpy HtoD]"
201326592,1.707287,0.085687,,,,,,,,,,768.000000,8.752836,"GeForce GTX TITAN X (0)","1","7","[CUDA memcpy HtoD]"
201326592,1.792980,0.012599,3145728,1,1,64,1,1,11,256,0,,,"GeForce GTX TITAN X (0)","1","7","dotProd(float*, float*, float*, int) [188]"
201326592,1.805581,2.908570e-03,,,,,,,,,,12.000000,4.029042,"GeForce GTX TITAN X (0)","1","7","[CUDA memcpy DtoH]"
205520896,"Start","Duration","Grid X","Grid Y","Grid Z","Block X","Block Y","Block Z","Registers Per Thread","Static SMem","Dynamic SMem","Size","Throughput","Device","Context","Stream","Name"
205520896,s,s,,,,,,,,B,B,MB,GB/s,,,,
205520896,1.620554,0.086763,,,,,,,,,,784.000000,8.824307,"GeForce GTX TITAN X (0)","1","7","[CUDA memcpy HtoD]"
205520896,1.707429,0.086301,,,,,,,,,,784.000000,8.871602,"GeForce GTX TITAN X (0)","1","7","[CUDA memcpy HtoD]"
205520896,1.793736,0.012565,3211264,1,1,64,1,1,11,256,0,,,"GeForce GTX TITAN X (0)","1","7","dotProd(float*, float*, float*, int) [188]"
205520896,1.806302,3.133286e-03,,,,,,,,,,12.250000,3.818001,"GeForce GTX TITAN X (0)","1","7","[CUDA memcpy DtoH]"
209715200,"Start","Duration","Grid X","Grid Y","Grid Z","Block X","Block Y","Block Z","Registers Per Thread","Static SMem","Dynamic SMem","Size","Throughput","Device","Context","Stream","Name"
209715200,s,s,,,,,,,,B,B,MB,GB/s,,,,
209715200,1.620936,0.089129,,,,,,,,,,800.000000,8.765361,"GeForce GTX TITAN X (0)","1","7","[CUDA memcpy HtoD]"
209715200,1.710177,0.088831,,,,,,,,,,800.000000,8.794799,"GeForce GTX TITAN X (0)","1","7","[CUDA memcpy HtoD]"
209715200,1.799015,0.014338,3276800,1,1,64,1,1,11,256,0,,,"GeForce GTX TITAN X (0)","1","7","dotProd(float*, float*, float*, int) [188]"
209715200,1.813355,2.924410e-03,,,,,,,,,,12.500000,4.174186,"GeForce GTX TITAN X (0)","1","7","[CUDA memcpy DtoH]"
213909504,"Start","Duration","Grid X","Grid Y","Grid Z","Block X","Block Y","Block Z","Registers Per Thread","Static SMem","Dynamic SMem","Size","Throughput","Device","Context","Stream","Name"
213909504,s,s,,,,,,,,B,B,MB,GB/s,,,,
213909504,1.646516,0.089615,,,,,,,,,,816.000000,8.892169,"GeForce GTX TITAN X (0)","1","7","[CUDA memcpy HtoD]"
213909504,1.736244,0.089733,,,,,,,,,,816.000000,8.880515,"GeForce GTX TITAN X (0)","1","7","[CUDA memcpy HtoD]"
213909504,1.825983,0.014623,3342336,1,1,64,1,1,11,256,0,,,"GeForce GTX TITAN X (0)","1","7","dotProd(float*, float*, float*, int) [188]"
213909504,1.840608,3.000635e-03,,,,,,,,,,12.750000,4.149512,"GeForce GTX TITAN X (0)","1","7","[CUDA memcpy DtoH]"
218103808,"Start","Duration","Grid X","Grid Y","Grid Z","Block X","Block Y","Block Z","Registers Per Thread","Static SMem","Dynamic SMem","Size","Throughput","Device","Context","Stream","Name"
218103808,s,s,,,,,,,,B,B,MB,GB/s,,,,
218103808,1.636801,0.091167,,,,,,,,,,832.000000,8.912212,"GeForce GTX TITAN X (0)","1","7","[CUDA memcpy HtoD]"
218103808,1.728078,0.090604,,,,,,,,,,832.000000,8.967590,"GeForce GTX TITAN X (0)","1","7","[CUDA memcpy HtoD]"
218103808,1.818688,0.014907,3407872,1,1,64,1,1,11,256,0,,,"GeForce GTX TITAN X (0)","1","7","dotProd(float*, float*, float*, int) [188]"
218103808,1.833597,2.941914e-03,,,,,,,,,,13.000000,4.315324,"GeForce GTX TITAN X (0)","1","7","[CUDA memcpy DtoH]"
222298112,"Start","Duration","Grid X","Grid Y","Grid Z","Block X","Block Y","Block Z","Registers Per Thread","Static SMem","Dynamic SMem","Size","Throughput","Device","Context","Stream","Name"
222298112,s,s,,,,,,,,B,B,MB,GB/s,,,,
222298112,1.619803,0.093562,,,,,,,,,,848.000000,8.851092,"GeForce GTX TITAN X (0)","1","7","[CUDA memcpy HtoD]"
222298112,1.713475,0.093215,,,,,,,,,,848.000000,8.884005,"GeForce GTX TITAN X (0)","1","7","[CUDA memcpy HtoD]"
222298112,1.806696,0.014241,3473408,1,1,64,1,1,11,256,0,,,"GeForce GTX TITAN X (0)","1","7","dotProd(float*, float*, float*, int) [188]"
222298112,1.820939,3.252126e-03,,,,,,,,,,13.250000,3.978767,"GeForce GTX TITAN X (0)","1","7","[CUDA memcpy DtoH]"
226492416,"Start","Duration","Grid X","Grid Y","Grid Z","Block X","Block Y","Block Z","Registers Per Thread","Static SMem","Dynamic SMem","Size","Throughput","Device","Context","Stream","Name"
226492416,s,s,,,,,,,,B,B,MB,GB/s,,,,
226492416,1.657732,0.095424,,,,,,,,,,864.000000,8.842155,"GeForce GTX TITAN X (0)","1","7","[CUDA memcpy HtoD]"
226492416,1.753267,0.094870,,,,,,,,,,864.000000,8.893737,"GeForce GTX TITAN X (0)","1","7","[CUDA memcpy HtoD]"
226492416,1.848143,0.015482,3538944,1,1,64,1,1,11,256,0,,,"GeForce GTX TITAN X (0)","1","7","dotProd(float*, float*, float*, int) [188]"
226492416,1.863627,3.320766e-03,,,,,,,,,,13.500000,3.970046,"GeForce GTX TITAN X (0)","1","7","[CUDA memcpy DtoH]"
230686720,"Start","Duration","Grid X","Grid Y","Grid Z","Block X","Block Y","Block Z","Registers Per Thread","Static SMem","Dynamic SMem","Size","Throughput","Device","Context","Stream","Name"
230686720,s,s,,,,,,,,B,B,MB,GB/s,,,,
230686720,1.653621,0.097980,,,,,,,,,,880.000000,8.770878,"GeForce GTX TITAN X (0)","1","7","[CUDA memcpy HtoD]"
230686720,1.751715,0.098127,,,,,,,,,,880.000000,8.757815,"GeForce GTX TITAN X (0)","1","7","[CUDA memcpy HtoD]"
230686720,1.849848,0.015760,3604480,1,1,64,1,1,11,256,0,,,"GeForce GTX TITAN X (0)","1","7","dotProd(float*, float*, float*, int) [188]"
230686720,1.865610,3.423647e-03,,,,,,,,,,13.750000,3.922056,"GeForce GTX TITAN X (0)","1","7","[CUDA memcpy DtoH]"
234881024,"Start","Duration","Grid X","Grid Y","Grid Z","Block X","Block Y","Block Z","Registers Per Thread","Static SMem","Dynamic SMem","Size","Throughput","Device","Context","Stream","Name"
234881024,s,s,,,,,,,,B,B,MB,GB/s,,,,
234881024,1.643805,0.099211,,,,,,,,,,896.000000,8.819586,"GeForce GTX TITAN X (0)","1","7","[CUDA memcpy HtoD]"
234881024,1.743126,0.098657,,,,,,,,,,896.000000,8.869088,"GeForce GTX TITAN X (0)","1","7","[CUDA memcpy HtoD]"
234881024,1.841790,0.016049,3670016,1,1,64,1,1,11,256,0,,,"GeForce GTX TITAN X (0)","1","7","dotProd(float*, float*, float*, int) [188]"
234881024,1.857841,3.413503e-03,,,,,,,,,,14.000000,4.005233,"GeForce GTX TITAN X (0)","1","7","[CUDA memcpy DtoH]"
239075328,"Start","Duration","Grid X","Grid Y","Grid Z","Block X","Block Y","Block Z","Registers Per Thread","Static SMem","Dynamic SMem","Size","Throughput","Device","Context","Stream","Name"
239075328,s,s,,,,,,,,B,B,MB,GB/s,,,,
239075328,1.634404,0.101447,,,,,,,,,,912.000000,8.779205,"GeForce GTX TITAN X (0)","1","7","[CUDA memcpy HtoD]"
239075328,1.735961,0.096952,,,,,,,,,,912.000000,9.186252,"GeForce GTX TITAN X (0)","1","7","[CUDA memcpy HtoD]"
239075328,1.832919,0.016339,3735552,1,1,64,1,1,11,256,0,,,"GeForce GTX TITAN X (0)","1","7","dotProd(float*, float*, float*, int) [188]"
239075328,1.849260,2.926299e-03,,,,,,,,,,14.250000,4.755500,"GeForce GTX TITAN X (0)","1","7","[CUDA memcpy DtoH]"
243269632,"Start","Duration","Grid X","Grid Y","Grid Z","Block X","Block Y","Block Z","Registers Per Thread","Static SMem","Dynamic SMem","Size","Throughput","Device","Context","Stream","Name"
243269632,s,s,,,,,,,,B,B,MB,GB/s,,,,
243269632,1.656413,0.094867,,,,,,,,,,928.000000,9.552862,"GeForce GTX TITAN X (0)","1","7","[CUDA memcpy HtoD]"
243269632,1.751380,0.089733,,,,,,,,,,928.000000,10.099439,"GeForce GTX TITAN X (0)","1","7","[CUDA memcpy HtoD]"
243269632,1.841119,0.016637,3801088,1,1,64,1,1,11,256,0,,,"GeForce GTX TITAN X (0)","1","7","dotProd(float*, float*, float*, int) [188]"
243269632,1.857759,2.814681e-03,,,,,,,,,,14.500000,5.030821,"GeForce GTX TITAN X (0)","1","7","[CUDA memcpy DtoH]"
247463936,"Start","Duration","Grid X","Grid Y","Grid Z","Block X","Block Y","Block Z","Registers Per Thread","Static SMem","Dynamic SMem","Size","Throughput","Device","Context","Stream","Name"
247463936,s,s,,,,,,,,B,B,MB,GB/s,,,,
247463936,1.797100,0.108601,,,,,,,,,,944.000000,8.488635,"GeForce GTX TITAN X (0)","1","7","[CUDA memcpy HtoD]"
247463936,1.905884,0.128622,,,,,,,,,,944.000000,7.167340,"GeForce GTX TITAN X (0)","1","7","[CUDA memcpy HtoD]"
247463936,2.034511,0.016128,3866624,1,1,64,1,1,11,256,0,,,"GeForce GTX TITAN X (0)","1","7","dotProd(float*, float*, float*, int) [188]"
247463936,2.050641,4.153541e-03,,,,,,,,,,14.750000,3.467956,"GeForce GTX TITAN X (0)","1","7","[CUDA memcpy DtoH]"
251658240,"Start","Duration","Grid X","Grid Y","Grid Z","Block X","Block Y","Block Z","Registers Per Thread","Static SMem","Dynamic SMem","Size","Throughput","Device","Context","Stream","Name"
251658240,s,s,,,,,,,,B,B,MB,GB/s,,,,
251658240,1.660622,0.098101,,,,,,,,,,960.000000,9.556430,"GeForce GTX TITAN X (0)","1","7","[CUDA memcpy HtoD]"
251658240,1.758823,0.091469,,,,,,,,,,960.000000,10.249377,"GeForce GTX TITAN X (0)","1","7","[CUDA memcpy HtoD]"
251658240,1.850298,0.017200,3932160,1,1,64,1,1,11,256,0,,,"GeForce GTX TITAN X (0)","1","7","dotProd(float*, float*, float*, int) [188]"
251658240,1.867500,2.672056e-03,,,,,,,,,,15.000000,5.482085,"GeForce GTX TITAN X (0)","1","7","[CUDA memcpy DtoH]"
255852544,"Start","Duration","Grid X","Grid Y","Grid Z","Block X","Block Y","Block Z","Registers Per Thread","Static SMem","Dynamic SMem","Size","Throughput","Device","Context","Stream","Name"
255852544,s,s,,,,,,,,B,B,MB,GB/s,,,,
255852544,1.679287,0.099104,,,,,,,,,,976.000000,9.617439,"GeForce GTX TITAN X (0)","1","7","[CUDA memcpy HtoD]"
255852544,1.778491,0.093448,,,,,,,,,,976.000000,10.199481,"GeForce GTX TITAN X (0)","1","7","[CUDA memcpy HtoD]"
255852544,1.871945,0.017064,3997696,1,1,64,1,1,11,256,0,,,"GeForce GTX TITAN X (0)","1","7","dotProd(float*, float*, float*, int) [188]"
255852544,1.889012,2.999483e-03,,,,,,,,,,15.250000,4.965048,"GeForce GTX TITAN X (0)","1","7","[CUDA memcpy DtoH]"
260046848,"Start","Duration","Grid X","Grid Y","Grid Z","Block X","Block Y","Block Z","Registers Per Thread","Static SMem","Dynamic SMem","Size","Throughput","Device","Context","Stream","Name"
260046848,s,s,,,,,,,,B,B,MB,GB/s,,,,
260046848,1.682905,0.108233,,,,,,,,,,992.000000,8.950632,"GeForce GTX TITAN X (0)","1","7","[CUDA memcpy HtoD]"
260046848,1.791249,0.108539,,,,,,,,,,992.000000,8.925391,"GeForce GTX TITAN X (0)","1","7","[CUDA memcpy HtoD]"
260046848,1.899793,0.015894,4063232,1,1,64,1,1,11,256,0,,,"GeForce GTX TITAN X (0)","1","7","dotProd(float*, float*, float*, int) [188]"
260046848,1.915690,3.560319e-03,,,,,,,,,,15.500000,4.251506,"GeForce GTX TITAN X (0)","1","7","[CUDA memcpy DtoH]"
264241152,"Start","Duration","Grid X","Grid Y","Grid Z","Block X","Block Y","Block Z","Registers Per Thread","Static SMem","Dynamic SMem","Size","Throughput","Device","Context","Stream","Name"
264241152,s,s,,,,,,,,B,B,GB,GB/s,,,,
264241152,1.665837,0.095762,,,,,,,,,,0.984375,10.279418,"GeForce GTX TITAN X (0)","1","7","[CUDA memcpy HtoD]"
264241152,1.761697,0.095869,,,,,,,,,,0.984375,10.267968,"GeForce GTX TITAN X (0)","1","7","[CUDA memcpy HtoD]"
264241152,1.857571,0.018061,4128768,1,1,64,1,1,11,256,0,,,"GeForce GTX TITAN X (0)","1","7","dotProd(float*, float*, float*, int) [188]"
264241152,1.875635,2.809689e-03,,,,,,,,,,0.015381,5.474221,"GeForce GTX TITAN X (0)","1","7","[CUDA memcpy DtoH]"
268435456,"Start","Duration","Grid X","Grid Y","Grid Z","Block X","Block Y","Block Z","Registers Per Thread","Static SMem","Dynamic SMem","Size","Throughput","Device","Context","Stream","Name"
268435456,s,s,,,,,,,,B,B,GB,GB/s,,,,
268435456,1.672776,0.112065,,,,,,,,,,1.000000,8.923406,"GeForce GTX TITAN X (0)","1","7","[CUDA memcpy HtoD]"
268435456,1.784954,0.112117,,,,,,,,,,1.000000,8.919235,"GeForce GTX TITAN X (0)","1","7","[CUDA memcpy HtoD]"
268435456,1.897077,0.016401,4194304,1,1,64,1,1,11,256,0,,,"GeForce GTX TITAN X (0)","1","7","dotProd(float*, float*, float*, int) [188]"
268435456,1.913480,3.744961e-03,,,,,,,,,,0.015625,4.172273,"GeForce GTX TITAN X (0)","1","7","[CUDA memcpy DtoH]"
